0.01
0.012
0.013
0.014
0.015
0.016
0.017
0.018
0.019
0.02
0.021
0.022
0.023
0.024
0.025
0.026
0.027
0.028
0.029
0.03
0.031
0.032
0.033
0.034
0.035
0.036
0.037
0.038
0.039
0.04
0.041
0.042
0.043
0.044
0.045
0.046
0.047
0.048
0.049
0.05
__________________________________________________________________________
0.1  
0.12  
0.13  
0.14  
0.15  
0.16  
0.17  
0.18  
0.19  
0.2  
0.21  
0.22  
0.23  
0.24  
0.25  
0.26  
0.27  
0.28  
0.29  
0.3  
0.31  
0.32  
0.33  
0.34  
0.35  
0.36  
0.37  
0.38  
0.39  
0.4  
0.41  
0.42  
0.43  
0.44  
0.45  
0.46  
0.47  
0.48  
0.49  
0.5  
______________________________________
0.001
0.0012
0.0013
0.0014
0.0015
0.0016
0.0017
0.0018
0.0019
0.002
0.0021
0.0022
0.0023
0.0024
0.0025
0.0026
0.0027
0.0028
0.0029
0.003
_____________________________________
